Results 12/12/2024 with 10 poses:



 Final Transformation Matrix (End-Effector to Camera):
[[ 0.0705538   0.70602586 -0.70466279  0.64827032]
 [ 0.99745476 -0.05723153  0.04252713 -0.25476751]
 [-0.01030367 -0.70586971 -0.70826675  0.48570333]
 [ 0.          0.          0.          1.        ]]
[[ 0.64827032]
 [-0.25476751]
 [ 0.48570333]]


 Final Transformation Matrix (End-Effector to Camera):
[[ 0.12331678  0.72539542 -0.67719603  0.78303094]
 [ 0.94673657  0.1185532   0.29939107 -0.37300685]
 [ 0.29746067 -0.67804618 -0.67213877  0.51780301]
 [ 0.          0.          0.          1.        ]]


Best result: (check x and z)
 Final Transformation Matrix (End-Effector to Camera):
[[-0.0275906   0.77791435 -0.6277643   0.66154511]
 [ 0.98798966  0.11673749  0.1012363  -0.28874143]
 [ 0.1520368  -0.61743147 -0.77179219  0.4743546 ]
 [ 0.          0.          0.          1.        ]]